# z dn_dz
0.000000000000000000e+00 3.255502118676653536e-03
2.500000000000000139e-02 3.808864436898022621e-02
5.000000000000000278e-02 1.834450124218980349e-01
7.500000000000001110e-02 2.561953128355114462e-01
1.000000000000000056e-01 1.638096712417945744e-01
1.250000000000000000e-01 4.126751890842413339e-01
1.500000000000000222e-01 3.354790978858910311e-01
1.750000000000000167e-01 6.227679013232694238e-01
2.000000000000000111e-01 9.412856971900843694e-01
2.250000000000000056e-01 9.554482548704226197e-01
2.500000000000000000e-01 7.324015867770194976e-01
2.750000000000000222e-01 1.101951476839994282e+00
3.000000000000000444e-01 6.888520700164295629e-01
3.250000000000000111e-01 8.617069706997183554e-01
3.500000000000000333e-01 1.123291512822901295e+00
3.750000000000000000e-01 7.166657810817265162e-01
4.000000000000000222e-01 9.194710404958840178e-01
4.250000000000000444e-01 1.224534079190643832e+00
4.500000000000000111e-01 1.216045838053226191e+00
4.750000000000000333e-01 1.293484778691462944e+00
5.000000000000000000e-01 1.580313287845071191e+00
5.250000000000000222e-01 1.338884449651882802e+00
5.500000000000000444e-01 1.389472236459954324e+00
5.750000000000000666e-01 1.139318959417938260e+00
6.000000000000000888e-01 1.624648167586643766e+00
6.250000000000000000e-01 1.392826630864422821e+00
6.500000000000000222e-01 1.019488649338755160e+00
6.750000000000000444e-01 1.072449703718230340e+00
7.000000000000000666e-01 1.060075753814640365e+00
7.250000000000000888e-01 9.425130459792118165e-01
7.500000000000000000e-01 1.077525291147333864e+00
7.750000000000000222e-01 8.527418059216361756e-01
8.000000000000000444e-01 8.475667701757912953e-01
8.250000000000000666e-01 8.142815786869551653e-01
8.500000000000000888e-01 6.919840574633105978e-01
8.750000000000000000e-01 8.454425917499668319e-01
9.000000000000000222e-01 6.714517148155234594e-01
9.250000000000000444e-01 4.301304281293689136e-01
9.500000000000000666e-01 4.992262484927907917e-01
9.750000000000000888e-01 5.746843273139107255e-01
1.000000000000000000e+00 3.912673127382091387e-01
1.025000000000000133e+00 4.415262693188845566e-01
1.050000000000000044e+00 3.705355436430476934e-01
1.074999999999999956e+00 3.480052885082982050e-01
1.100000000000000089e+00 3.811145603207772292e-01
1.125000000000000000e+00 2.645076745531210749e-01
1.150000000000000133e+00 3.449624442344040864e-01
1.175000000000000044e+00 3.622309025174574315e-01
1.200000000000000178e+00 3.142966432848722791e-01
1.225000000000000089e+00 2.836798015877097789e-01
1.250000000000000000e+00 2.781968596550443706e-01
1.275000000000000133e+00 3.261846858638362545e-01
1.300000000000000044e+00 1.645841684509326552e-01
1.325000000000000178e+00 1.818590301715473090e-01
1.350000000000000089e+00 1.460405368020873118e-01
1.375000000000000000e+00 1.673233751030029914e-01
1.400000000000000133e+00 1.280086870089167939e-01
1.425000000000000044e+00 4.916082074816479491e-02
1.450000000000000178e+00 1.252271250421473636e-01
1.475000000000000089e+00 5.927563054384888536e-02
1.500000000000000000e+00 4.369360221114631376e-02
1.525000000000000133e+00 4.118711065863438214e-02
1.550000000000000044e+00 4.979126694265981201e-02
1.575000000000000178e+00 0.000000000000000000e+00
1.600000000000000089e+00 3.415524268088967336e-02
1.625000000000000000e+00 2.028677249231132518e-02
1.650000000000000133e+00 2.228233424759921630e-02
1.675000000000000044e+00 2.171585008876402573e-02
1.700000000000000178e+00 2.654051936525473818e-02
1.725000000000000089e+00 7.116889542515074038e-03
1.750000000000000000e+00 4.144277558790620403e-02
1.775000000000000133e+00 2.010814745430499623e-02
1.800000000000000044e+00 2.009115423238838627e-02
1.825000000000000178e+00 1.342246598446389036e-02
1.850000000000000089e+00 4.577142634137346990e-03
1.875000000000000000e+00 0.000000000000000000e+00
1.900000000000000133e+00 1.461082679185431166e-02
1.925000000000000044e+00 1.665644665903408261e-02
1.950000000000000178e+00 3.090543569170191643e-02
1.975000000000000089e+00 3.091299717034509328e-02
2.000000000000000000e+00 4.249352303759233729e-02
2.024999999999999911e+00 5.701914178278411766e-02
2.050000000000000266e+00 4.565933810558167778e-03
2.075000000000000178e+00 7.675874546998127414e-03
2.100000000000000089e+00 1.164527785927604343e-02
2.125000000000000000e+00 5.598677483559074547e-02
2.149999999999999911e+00 1.919247565425650712e-02
2.175000000000000266e+00 4.938622711952943799e-03
2.200000000000000178e+00 5.091652109924168189e-03
2.225000000000000089e+00 4.502182605117931863e-02
2.250000000000000000e+00 1.106194169143500522e-02
2.274999999999999911e+00 6.776529601784483936e-02
2.300000000000000266e+00 2.659868595654590016e-03
2.325000000000000178e+00 2.001366067446282843e-02
2.350000000000000089e+00 3.917815738010777676e-02
2.375000000000000000e+00 0.000000000000000000e+00
2.400000000000000355e+00 2.102715607075668000e-02
2.425000000000000266e+00 1.381064994616198333e-02
2.450000000000000178e+00 7.271456079306277184e-04
2.475000000000000089e+00 0.000000000000000000e+00
2.500000000000000000e+00 8.897083862643376945e-03
2.525000000000000355e+00 0.000000000000000000e+00
2.550000000000000266e+00 6.201302432500313024e-03
2.575000000000000178e+00 1.607610277537398213e-02
2.600000000000000089e+00 1.834850228330618324e-02
2.625000000000000000e+00 3.141076457840070307e-02
2.650000000000000355e+00 8.695828007639367502e-03
2.675000000000000266e+00 1.401293792556532365e-02
2.700000000000000178e+00 1.751704343791924551e-02
2.725000000000000089e+00 0.000000000000000000e+00
2.750000000000000000e+00 3.566378043809157600e-02
2.775000000000000355e+00 2.067164583335095313e-02
2.800000000000000266e+00 1.472373364833895297e-02
2.825000000000000178e+00 0.000000000000000000e+00
2.850000000000000089e+00 6.201302432500313024e-03
2.875000000000000000e+00 1.620248212114549797e-03
2.900000000000000355e+00 0.000000000000000000e+00
2.925000000000000266e+00 2.606230034973634410e-02
2.950000000000000178e+00 1.520614393007484709e-02
2.975000000000000089e+00 1.790438936287594429e-02
3.000000000000000000e+00 0.000000000000000000e+00
3.025000000000000355e+00 1.102928929232443664e-02
3.050000000000000266e+00 4.896888664770135055e-03
3.075000000000000178e+00 1.052057516038292645e-02
3.100000000000000089e+00 0.000000000000000000e+00
3.125000000000000000e+00 0.000000000000000000e+00
3.150000000000000355e+00 0.000000000000000000e+00
3.175000000000000266e+00 4.203773994162547482e-03
3.200000000000000178e+00 4.896888664770135055e-03
3.225000000000000089e+00 0.000000000000000000e+00
3.250000000000000000e+00 1.417747610773216309e-02
3.275000000000000355e+00 0.000000000000000000e+00
3.300000000000000266e+00 1.417747610773241462e-02
3.325000000000000178e+00 2.789071842990980578e-03
3.350000000000000089e+00 0.000000000000000000e+00
3.375000000000000000e+00 0.000000000000000000e+00
3.400000000000000355e+00 0.000000000000000000e+00
3.425000000000000266e+00 0.000000000000000000e+00
3.450000000000000178e+00 0.000000000000000000e+00
3.475000000000000089e+00 0.000000000000000000e+00
3.500000000000000000e+00 0.000000000000000000e+00
3.525000000000000355e+00 0.000000000000000000e+00
3.550000000000000266e+00 0.000000000000000000e+00
3.575000000000000178e+00 0.000000000000000000e+00
3.600000000000000089e+00 0.000000000000000000e+00
3.625000000000000000e+00 0.000000000000000000e+00
3.650000000000000355e+00 0.000000000000000000e+00
3.675000000000000266e+00 0.000000000000000000e+00
3.700000000000000178e+00 0.000000000000000000e+00
3.725000000000000089e+00 0.000000000000000000e+00
3.750000000000000000e+00 0.000000000000000000e+00
3.775000000000000355e+00 0.000000000000000000e+00
3.800000000000000266e+00 0.000000000000000000e+00
3.825000000000000178e+00 0.000000000000000000e+00
3.850000000000000089e+00 0.000000000000000000e+00
3.875000000000000000e+00 0.000000000000000000e+00
3.900000000000000355e+00 0.000000000000000000e+00
3.925000000000000266e+00 0.000000000000000000e+00
3.950000000000000178e+00 0.000000000000000000e+00
3.975000000000000089e+00 0.000000000000000000e+00
4.000000000000000000e+00 0.000000000000000000e+00
4.025000000000000355e+00 0.000000000000000000e+00
4.049999999999999822e+00 0.000000000000000000e+00
4.075000000000000178e+00 8.177424437806814651e-04
4.100000000000000533e+00 0.000000000000000000e+00
4.125000000000000000e+00 0.000000000000000000e+00
4.150000000000000355e+00 0.000000000000000000e+00
4.174999999999999822e+00 0.000000000000000000e+00
4.200000000000000178e+00 0.000000000000000000e+00
4.225000000000000533e+00 0.000000000000000000e+00
4.250000000000000000e+00 0.000000000000000000e+00
4.275000000000000355e+00 0.000000000000000000e+00
4.299999999999999822e+00 0.000000000000000000e+00
4.325000000000000178e+00 0.000000000000000000e+00
4.350000000000000533e+00 0.000000000000000000e+00
4.375000000000000000e+00 0.000000000000000000e+00
4.400000000000000355e+00 0.000000000000000000e+00
4.424999999999999822e+00 0.000000000000000000e+00
4.450000000000000178e+00 0.000000000000000000e+00
4.475000000000000533e+00 0.000000000000000000e+00
4.500000000000000000e+00 0.000000000000000000e+00
4.525000000000000355e+00 3.727271111833902373e-05
4.549999999999999822e+00 0.000000000000000000e+00
4.575000000000000178e+00 0.000000000000000000e+00
4.600000000000000533e+00 0.000000000000000000e+00
4.625000000000000000e+00 0.000000000000000000e+00
4.650000000000000355e+00 0.000000000000000000e+00
4.674999999999999822e+00 0.000000000000000000e+00
4.700000000000000178e+00 0.000000000000000000e+00
4.725000000000000533e+00 0.000000000000000000e+00
4.750000000000000000e+00 0.000000000000000000e+00
4.775000000000000355e+00 0.000000000000000000e+00
4.800000000000000711e+00 0.000000000000000000e+00
4.825000000000000178e+00 0.000000000000000000e+00
4.850000000000000533e+00 0.000000000000000000e+00
4.875000000000000000e+00 0.000000000000000000e+00
4.900000000000000355e+00 0.000000000000000000e+00
4.925000000000000711e+00 0.000000000000000000e+00
4.950000000000000178e+00 0.000000000000000000e+00
4.975000000000000533e+00 0.000000000000000000e+00
5.000000000000000000e+00 0.000000000000000000e+00
