0.000000000000000000e+00 3.703791220090352741e-03
2.500000000000000139e-02 5.057537909225812839e-02
5.000000000000000278e-02 1.983178487935217671e-01
7.500000000000001110e-02 2.300117237317651775e-01
1.000000000000000056e-01 2.432768331451499733e-01
1.250000000000000000e-01 4.628245449386022559e-01
1.500000000000000222e-01 4.310090042700768231e-01
1.750000000000000167e-01 6.655465194175375077e-01
2.000000000000000111e-01 1.160311828715182791e+00
2.250000000000000056e-01 9.450955443289487112e-01
2.500000000000000000e-01 8.368609444632936212e-01
2.750000000000000222e-01 1.227705546258853087e+00
3.000000000000000444e-01 7.346439751328652790e-01
3.250000000000000111e-01 8.706470944078857910e-01
3.500000000000000333e-01 1.267818907372972648e+00
3.750000000000000000e-01 6.952953450151070358e-01
4.000000000000000222e-01 7.821574199688029472e-01
4.250000000000000444e-01 1.102227392110161963e+00
4.500000000000000111e-01 1.192176409610802290e+00
4.750000000000000333e-01 1.084192686008068174e+00
5.000000000000000000e-01 1.345404786996829971e+00
5.250000000000000222e-01 1.319763555536357380e+00
5.500000000000000444e-01 1.284302657677840909e+00
5.750000000000000666e-01 1.002286287952239174e+00
6.000000000000000888e-01 1.385658730463143806e+00
6.250000000000000000e-01 1.285997025190554144e+00
6.500000000000000222e-01 1.007922416551366496e+00
6.750000000000000444e-01 1.038679512445107145e+00
7.000000000000000666e-01 9.991912889845010470e-01
7.250000000000000888e-01 1.064998118538289962e+00
7.500000000000000000e-01 1.088804667375615987e+00
7.750000000000000222e-01 8.435632106234012273e-01
8.000000000000000444e-01 9.118109334351882644e-01
8.250000000000000666e-01 8.498439051443459347e-01
8.500000000000000888e-01 6.884524655975648999e-01
8.750000000000000000e-01 8.194082573708645345e-01
9.000000000000000222e-01 6.575600395127952913e-01
9.250000000000000444e-01 4.130653117045560152e-01
9.500000000000000666e-01 5.547085712695754012e-01
9.750000000000000888e-01 6.580592189883713861e-01
1.000000000000000000e+00 4.047561051339762517e-01
1.025000000000000133e+00 4.543813431431836802e-01
1.050000000000000044e+00 3.491013858027973704e-01
1.074999999999999956e+00 3.684473075966728794e-01
1.100000000000000089e+00 3.889003296819686373e-01
1.125000000000000000e+00 2.741771348967682043e-01
1.150000000000000133e+00 3.653583601537081504e-01
1.175000000000000044e+00 3.828758560114627896e-01
1.200000000000000178e+00 3.299415473034348345e-01
1.225000000000000089e+00 3.284348881359885897e-01
1.250000000000000000e+00 2.996848819827335753e-01
1.275000000000000133e+00 3.463600529874830691e-01
1.300000000000000044e+00 1.542169596592104230e-01
1.325000000000000178e+00 1.882960522037291917e-01
1.350000000000000089e+00 2.037580456341155644e-01
1.375000000000000000e+00 1.943481128104421751e-01
1.400000000000000133e+00 1.449454352850740035e-01
1.425000000000000044e+00 6.696854247665791349e-02
1.450000000000000178e+00 1.408815646832615731e-01
1.475000000000000089e+00 8.082018564415137385e-02
1.500000000000000000e+00 8.452023364876039280e-02
1.525000000000000133e+00 1.140594241290297656e-01
1.550000000000000044e+00 8.134091007762879466e-02
1.575000000000000178e+00 6.913594958538790691e-02
1.600000000000000089e+00 7.577849626697509555e-02
1.625000000000000000e+00 4.393120614321541217e-02
1.650000000000000133e+00 1.986124688699902885e-02
1.675000000000000044e+00 1.421572870073233366e-02
1.700000000000000178e+00 1.155367087950781926e-02
1.725000000000000089e+00 5.900960470202288796e-03
1.750000000000000000e+00 2.677099470965976780e-02
1.775000000000000133e+00 6.591336238953896323e-03
1.800000000000000044e+00 9.573369827795812775e-03
1.825000000000000178e+00 1.754707216691616875e-02
1.850000000000000089e+00 1.913457934120441290e-03
1.875000000000000000e+00 2.247855143727529870e-03
1.900000000000000133e+00 8.743164019933467521e-03
1.925000000000000044e+00 1.688597402675225817e-02
1.950000000000000178e+00 2.095035946432836221e-02
1.975000000000000089e+00 1.319018213710114636e-02
2.000000000000000000e+00 1.728476368369884567e-02
2.024999999999999911e+00 2.845593139428677712e-02
2.050000000000000266e+00 2.214545605519591554e-03
2.075000000000000178e+00 8.934382932084412518e-03
2.100000000000000089e+00 5.882673710845757846e-03
2.125000000000000000e+00 3.815250595841593317e-02
2.149999999999999911e+00 2.442002321036305240e-02
2.175000000000000266e+00 2.934474656885770454e-03
2.200000000000000178e+00 7.416542557345248872e-03
2.225000000000000089e+00 1.840588460448182653e-02
2.250000000000000000e+00 1.025408529932586923e-02
2.274999999999999911e+00 3.436924793377231502e-02
2.300000000000000266e+00 3.516018568885999600e-03
2.325000000000000178e+00 1.401215320806859475e-02
2.350000000000000089e+00 3.691135022300087026e-02
2.375000000000000000e+00 0.000000000000000000e+00
2.400000000000000355e+00 1.417518839190199005e-02
2.425000000000000266e+00 4.575260055144987799e-03
2.450000000000000178e+00 3.223027415352027782e-03
2.475000000000000089e+00 0.000000000000000000e+00
2.500000000000000000e+00 4.385448864147244337e-03
2.525000000000000355e+00 0.000000000000000000e+00
2.550000000000000266e+00 0.000000000000000000e+00
2.575000000000000178e+00 1.956030873899084269e-02
2.600000000000000089e+00 1.339366973063460357e-02
2.625000000000000000e+00 1.419678802266828230e-02
2.650000000000000355e+00 2.218009509745732123e-03
2.675000000000000266e+00 1.129855846555877230e-02
2.700000000000000178e+00 2.051427587741339736e-02
2.725000000000000089e+00 3.207866517414401011e-03
2.750000000000000000e+00 1.656385040169730191e-02
2.775000000000000355e+00 6.204365637901471109e-03
2.800000000000000266e+00 6.107679841050748550e-03
2.825000000000000178e+00 0.000000000000000000e+00
2.850000000000000089e+00 9.761646653381431116e-03
2.875000000000000000e+00 3.611957644297586045e-03
2.900000000000000355e+00 0.000000000000000000e+00
2.925000000000000266e+00 8.741088355889742312e-03
2.950000000000000178e+00 1.224054990806658708e-02
2.975000000000000089e+00 5.240010632592885867e-03
3.000000000000000000e+00 0.000000000000000000e+00
3.025000000000000355e+00 6.441472611045655217e-03
3.050000000000000266e+00 8.557199946402924487e-03
3.075000000000000178e+00 4.379744606568046310e-03
3.100000000000000089e+00 0.000000000000000000e+00
3.125000000000000000e+00 0.000000000000000000e+00
3.150000000000000355e+00 0.000000000000000000e+00
3.175000000000000266e+00 5.389440390715432780e-03
3.200000000000000178e+00 6.415820532382073352e-03
3.225000000000000089e+00 0.000000000000000000e+00
3.250000000000000000e+00 3.501077723296794862e-03
3.275000000000000355e+00 0.000000000000000000e+00
3.300000000000000266e+00 8.130747908847092004e-03
3.325000000000000178e+00 8.332055485001635745e-03
3.350000000000000089e+00 0.000000000000000000e+00
3.375000000000000000e+00 0.000000000000000000e+00
3.400000000000000355e+00 0.000000000000000000e+00
3.425000000000000266e+00 0.000000000000000000e+00
3.450000000000000178e+00 4.617528818530139585e-04
3.475000000000000089e+00 0.000000000000000000e+00
3.500000000000000000e+00 0.000000000000000000e+00
3.525000000000000355e+00 0.000000000000000000e+00
3.550000000000000266e+00 0.000000000000000000e+00
3.575000000000000178e+00 0.000000000000000000e+00
3.600000000000000089e+00 0.000000000000000000e+00
3.625000000000000000e+00 0.000000000000000000e+00
3.650000000000000355e+00 0.000000000000000000e+00
3.675000000000000266e+00 0.000000000000000000e+00
3.700000000000000178e+00 0.000000000000000000e+00
3.725000000000000089e+00 0.000000000000000000e+00
3.750000000000000000e+00 0.000000000000000000e+00
3.775000000000000355e+00 0.000000000000000000e+00
3.800000000000000266e+00 0.000000000000000000e+00
3.825000000000000178e+00 0.000000000000000000e+00
3.850000000000000089e+00 0.000000000000000000e+00
3.875000000000000000e+00 0.000000000000000000e+00
3.900000000000000355e+00 0.000000000000000000e+00
3.925000000000000266e+00 0.000000000000000000e+00
3.950000000000000178e+00 0.000000000000000000e+00
3.975000000000000089e+00 0.000000000000000000e+00
4.000000000000000000e+00 0.000000000000000000e+00
4.025000000000000355e+00 0.000000000000000000e+00
4.049999999999999822e+00 0.000000000000000000e+00
4.075000000000000178e+00 7.391242902743196293e-04
4.100000000000000533e+00 0.000000000000000000e+00
4.125000000000000000e+00 0.000000000000000000e+00
4.150000000000000355e+00 0.000000000000000000e+00
4.174999999999999822e+00 0.000000000000000000e+00
4.200000000000000178e+00 0.000000000000000000e+00
4.225000000000000533e+00 0.000000000000000000e+00
4.250000000000000000e+00 0.000000000000000000e+00
4.275000000000000355e+00 0.000000000000000000e+00
4.299999999999999822e+00 0.000000000000000000e+00
4.325000000000000178e+00 0.000000000000000000e+00
4.350000000000000533e+00 0.000000000000000000e+00
4.375000000000000000e+00 0.000000000000000000e+00
4.400000000000000355e+00 0.000000000000000000e+00
4.424999999999999822e+00 0.000000000000000000e+00
4.450000000000000178e+00 0.000000000000000000e+00
4.475000000000000533e+00 0.000000000000000000e+00
4.500000000000000000e+00 0.000000000000000000e+00
4.525000000000000355e+00 2.204636777851200278e-05
4.549999999999999822e+00 0.000000000000000000e+00
4.575000000000000178e+00 0.000000000000000000e+00
4.600000000000000533e+00 0.000000000000000000e+00
4.625000000000000000e+00 0.000000000000000000e+00
4.650000000000000355e+00 0.000000000000000000e+00
4.674999999999999822e+00 0.000000000000000000e+00
4.700000000000000178e+00 0.000000000000000000e+00
4.725000000000000533e+00 0.000000000000000000e+00
4.750000000000000000e+00 0.000000000000000000e+00
4.775000000000000355e+00 0.000000000000000000e+00
4.800000000000000711e+00 0.000000000000000000e+00
4.825000000000000178e+00 0.000000000000000000e+00
4.850000000000000533e+00 0.000000000000000000e+00
4.875000000000000000e+00 0.000000000000000000e+00
4.900000000000000355e+00 0.000000000000000000e+00
4.925000000000000711e+00 0.000000000000000000e+00
4.950000000000000178e+00 0.000000000000000000e+00
4.975000000000000533e+00 0.000000000000000000e+00
